11111111111011101111110110000000000001010010011110100000000000000000000000101011111111110110010110101111111111110110001101000101010000000000010000010101110011111111111100100000001011
11111111111100000001110001000000000001010100101000110000000000000000000000101011111111110110011100111110111111110110001101110011010000000000010000110101110011111111111100100100111110
11111111111100010111110110000000000001000110100001010000000000000000000000101011111111110110100100000000111111110110001110101011110000000000010001001111010111111111111100101011000011
11111111111100000110010000000000000001100001111010110000000000000000000000101011111111110110101011011000111111110110001111100110100000000000010001111000010111111111111100110000010101
11111111111100001001010010000000000001001111111101010000000000000000000000101011111111110110110011101100111111110110010000111011000000000000010010011010001111111111111100110111001101
11111111111100010000010101000000000001001101000000000000000000000000000000101011111111110110111010000110111111110110010001100001100000000000010010110001010011111111111100111011001101
11111111111100011010000110000000000001001111100001010000000000000000000000101011111111110110111110011010111111110110010001111101100000000000010011000001010011111111111100111110101111
11111111111100011100111110000000000001001010010100010000000000000000000000101011111111110111000000101001111111110110010010100100000000000000010011000110011011111111111101000010111001
11111111111100101010011010000000000001100011100110010000000000000000000000101011111111110111000000111110111111110110010010110000110000000000010011010001010011111111111101000101100111
11111111111100110111001101000000000001100101110000100000000000000000000000101011111111110111000100010101111111110110010011011001110000000000010011101000111111111111111101001010101111
11111111111100111100011111000000000001100111100001010000000000000000000000101011111111110111001000011111111111110110010100110000110000000000010100000011110111111111111101010010011010
11111111111100100001001000000000000001100111001100110000000000000000000000101011111111110111001110011010111111110110010110010100100000000000010100100101000111111111111101011001100111
11111111111100101111110110000000000001010101001010000000000000000000000000101011111111110111010010111001111111110110010111100001100000000000010100110101110011111111111101011111101100
11111111111100101011110110000000000001011101011110100000000000000000000000101011111111110111010101111011111111110110011000010100100000000000010101000100011111111111111101100100000000
11111111111101101110011010000000000001011010110011000000000000000000000000101011111111110111010111001101111111110110011000101011110000000000010101001010001111111111111101101000101001
11111111111110010001111011000000000001101110111101010000000000000000000000101011111111110111011001100111111111110110011001001010010000000000010101100000101011111111111101101110100100
11111111111101100000000000000000000001110101111010110000000000000000000000101011111111110111011110000110111111110110011010001111100000000000010110000000101011111111111101110101001000
11111111111101111011100010000000000001100101001100110000000000000000000000101011111111110111100101100111111111110110011011110110000000000000010110100011110111111111111101111110010000
11111111111110011111000011000000000001011011111101010000000000000000000000101011111111110111101100000000111111110110011101011100010000000000010110111010111011111111111110001000010101
11111111111101001111100010000000000001101011010100010000000000000000000000101011111111110111110101010010111111110110011111101001000000000000010111100101110011111111111110010001110001
11111111111101011101001000000000000001100101100110010000000000000000000000101011111111110111111010111001111111110110100001001111100000000000010111111101011111111111111110011000110100
11111111111101011100010101000000000001011010100011110000000000000000000000101011111111110111111110101111111111110110100010110000110000000000011000000111101011111111111110011111100010
11111111111101111001110001000000000001011101000101000000000000000000000000101011111111110111111101111011111111110110100011101011110000000000011000000000101011111111111110100100011111
11111111111110011010000110000000000001111011001111010000000000000000000000101011111111111000000000001011111111110110100100011110110000000000011000010111000011111111111110101001111011
11111111111110100100010101000000000001111101101110000000000000000000000000101011111111111000000100110100111111110110100101110011010000000000011000110110011011111111111110110001011101
11111111111110111001111011000000000010001111100011110000000000000000000000101011111111111000001000011111111111110110100110111011000000000000011001011100001011111111111110111000110100
11111111111110000011001101000000000010000000001111010000000000000000000000101011111111111000001111001101111111110110101001001101000000000000011010000011001111111111111111000010011010
11111111111110010100110100000000000001011111110011000000000000000000000000101011111111111000010011000011111111110110101010011110110000000000011010001100001011111111111111001000011111
11111111111110000100011111000000000001100100000010100000000000000000000000101011111111111000010111110110111111110110101011111101100000000000011010011010111011111111111111001110011010
11111111111110111001011101000000000001100000011100000000000000000000000000101011111111111000010101111011111111110110101101000101010000000000011010001101011111111111111111010100101001
00000000000000011001010001000000000001011100110000100000000000000000000000101011111111111000010011110110111111110110101110010111010000000000011001111101011111111111111111011110100100
11111111111101111111101100000000000010000011011001100000000000000000000000101011111111111000010100011111111111110110110000011001110000000000011010001110000111111111111111100101110001
00000000000000000001000111000000000001100100001111010000000000000000000000101011111111111000010010010000111111110110110001011110110000000000011010000001111011111111111111101101011101
11111111111110101000110100000000000010001110111010110000000000000000000000101011111111111000010010101111111111110110110010010111010000000000011010010111101011111111111111110000111110
11111111111111110010100100000000000001111001011100000000000000000000000000101011111111111000010101001000111111110110110011100100000000000000011010101000010111111111111111111000001011
11111111111111101111100010000000000010000100100001010000000000000000000000101011111111111000010101100111111111110110110100111000100000000000011010110111101011111111111111111111101100
11111111111111110001110001000000000010001100001100110000000000000000000000101011111111111000010101100111111111110110110110010100100000000000011011001001100100000000000000000111001100
11111111111111100100011111000000000001101000110011000000000000000000000000101011111111111000010111101100111111110110110111111000100000000000011011001110101100000000000000001110100011
11111111111111101001011101000000000001101001100011110000000000000000000000101011111111111000011000011111111111110110111001001101000000000000011011001111010100000000000000010100111101
11111111111111011010000110000000000001111101101011100000000000000000000000101011111111111000011000001011111111110110111010101110010000000000011011010111000000000000000000011011001100
00000000000000110110011001000000000001011101110101110000000000000000000000101011111111111000010011001101111111110110111100001010010000000000011010111010111000000000000000100100001010
00000000000000100110100011000000000001100011101011100000000000000000000000101011111111111000001101011101111111110110111101111011000000000000011010011111010100000000000000101101010001
00000000000000001011100001000000000001011111101110000000000000000000000000101011111111111000001000010101111111110110111111100100000000000000011010000110011000000000000000110100111101
00000000000001000011110101000000000001010001110101110000000000000000000000101011111111111000000010000110111111110111000000010111010000000000011001100001010000000000000000111011000010
00000000000000111110111000000000000010001100000000000000000000000000000000101011111111110111111101100111111111110111000001001101000000000000011001100011110100000000000001000000101000
00000000000001001000101000000000000001111111011110100000000000000000000000101011111111110111111011000011111111110111000010010100100000000000011001100111000000000000000001000111101011
00000000000000011100101000000000000001111000000000000000000000000000000000101011111111110111110111101100111111110111000011101011110000000000011001100011001100000000000001001101111010
00000000000000011010101110000000000001100010101000110000000000000000000000101011111111110111110011100010111111110111000100111011000000000000011001010000101000000000000001010011001100
00000000000000110101000111000000000001100011010111000000000000000000000000101011111111110111101100101001111111110111000110001101000000000000011000110101110000000000000001011001011100
00000000000001110100010100000000000001100101011100000000000000000000000000101011111111110111100011011000111111110111000111000101010000000000011000010001111000000000000001100000001010
00000000000001001101100110000000000010110100000010100000000000000000000000101011111111110111010110101111111111110111001000100001100000000000011000001101011100000000000001100111010111
00000000000001101110011001000000000001011100010001110000000000000000000000101011111111110111001100111110111111110111001010011110110000000000010111100101110000000000000001110001100110
00000000000001001110000101000000000001011111101011100000000000000000000000101011111111110111000111100010111111110111001011111011000000000000010111010001111000000000000001111000001010
00000000000001001001010001000000000001111111110011000000000000000000000000101011111111110111000100110100111111110111001101110011010000000000010111011010001100000000000010000000001010
00000000000001000000011110000000000001011101111010110000000000000000000000101011111111110111000000111110111111110111001111011100010000000000010111001100001000000000000010000110101110
00000000000000110100011110000000000001101110111101010000000000000000000000101011111111110110111110101111111111110111010000101001000000000000010111001101011100000000000010001010101110
00000000000001110001000111000000000001111100100011110000000000000000000000101011111111110110111001011101111111110111010001100100000000000000010111001010001100000000000010001111101011
00000000000000111110101110000000000001011000000000000000000000000000000000101011111111110110110100010101111111110111010010100110100000000000010110110101000100000000000010010011010111
00000000000001110010101110000000000001111000000101000000000000000000000000101011111111110110101111100010111111110111010010111000100000000000010110110010100000000000000010010101011100
00000000000010010110000101000000000001010111011001100000000000000000000000101011111111110110101101011101111111110111010011111000100000000000010110101001100100000000000010011011010111
00000000000001001110011001000000000001101100101110000000000000000000000000101011111111110110101000101001111111110111010100111000100000000000010110100001111000000000000010011110111000
00000000000010001010011001000000000001100111000111100000000000000000000000101011111111110110100100101001111111110111010101111000100000000000010110011010001100000000000010100100001010
00000000000010111111110101000000000001001111011100000000000000000000000000101011111111110110100001111011111111110111010111001101000000000000010110001011100000000000000010101100011110
00000000000010001101010001000000000001100011010100010000000000000000000000101011111111110110011011110110111111110111011000010010000000000000010101111010001100000000000010110001110000
00000000000001011100000000000000000001100011010001110000000000000000000000101011111111110110010111001101111111110111011001011110110000000000010101110000000000000000000010110101110000
00000000000001110100101000000000000001010101110011000000000000000000000000101011111111110110010010100100111111110111011010000000000000000000010101011110101100000000000010110111101011
00000000000001101000110011000000000001011110010100010000000000000000000000101011111111110110001101011101111111110111011010010100100000000000010101010001010000000000000010111000010100
00000000000010001001111010000000000001011100000010100000000000000000000000101011111111110110000111011000111111110111011010011110110000000000010100111110000100000000000010111001100110
00000000000010110001010001000000000001001011001111010000000000000000000000101011111111110110000000001011111111110111011010100001100000000000010100011111010100000000000010111011100001
00000000000010111100010100000000000001000100011110100000000000000000000000101011111111110101111011001101111111110111011010100001100000000000010100000110011000000000000010111101110000
00000000000010011010111000000000000001011000000101000000000000000000000000101011111111110101110010010000111111110111011010110110000000000000010011101000111100000000000010111111110101
00000000000010011001110000000000000001001101000000000000000000000000000000101011111111110101100111110110111111110111011011000010110000000000010011000001010000000000000011000001010001
00000000000001110100110011000000000000110111110000100000000000000000000000101011111111110101011100110100111111110111011011000000000000000000010010001101011100000000000011000000101000
00000000000001110100011110000000000000111100010111000000000000000000000000101011111111110101001110101111111111110111011010010100100000000000010001010001010000000000000010111101100110
00000000000010101101110000000000000000101111110101110000000000000000000000101011111111110100111100111110111111110111011001011100010000000000010000000001111000000000000010111011100001
00000000000011000110011001000000000000100100010100010000000000000000000000101011111111110100100110101111111111110111010111011110110000000000001110011110000100000000000010110110011001
00000000000011101100001010000000000001000110100011110000000000000000000000101011111111110100010010000110111111110111010110001010010000000000001101010110011000000000000010110100111101
00000000000010111100111101000000000001000100011001100000000000000000000000101011111111110011111101111011111111110111010100100110100000000000001100010001010000000000000010110001010001
00000000000010110000010100000000000001010010010111000000000000000000000000101011111111110011101011001101111111110111010010111101100000000000001011011100001000000000000010101100110011
00000000000010011001011100000000000001001100101011100000000000000000000000101011111111110011011010010000111111110111010001011001110000000000001010101100001000000000000010101000010100
00000000000001110111010111000000000001001101011001100000000000000000000000101011111111110011001010100100111111110111001111101001000000000000001010000011110100000000000010100001110000
00000000000001101001011100000000000001001100001100110000000000000000000000101011111111110010111100001011111111110111001101110011010000000000001001100001010000000000000010011010101110
00000000000010010000010100000000000000111010101110000000000000000000000000101011111111110010101101011101111111110111001011101011110000000000001000110101110000000000000010010100001010
00000000000011101001000111000000000000110001000010100000000000000000000000101011111111110010011110010000111111110111001001100110100000000000001000000011110100000000000010010000110011
00000000000100100011010111000000000000100110111010110000000000000000000000101011111111110010010000010101111111110111001000000000000000000000000111010011110100000000000010010001011100
00000000000011111000010100000000000000110111111101010000000000000000000000101011111111110010000011101100111111110111000111000010110000000000000110110011001100000000000010010011000010
00000000000011010110001111000000000000101101111010110000000000000000000000101011111111110001111000011111111111110111000110011110110000000000000110010101000100000000000010010101000111
00000000000010000001100110000000000000011010000101000000000000000000000000101011111111110001101111100010111111110111000110010100100000000000000101110101000100000000000010010101111010
00000000000000111000101000000000000000010001101110000000000000000000000000101011111111110001100111011000111111110111000101110000110000000000000101010101000100000000000010010010101110
00000000000000011010101110000000000000001000110000100000000000000000000000101011111111110001011110100100111111110111000100100100000000000000000100101110101100000000000010001100000000
00000000000000111001111010000000000000000000101011100000000000000000000000101011111111110001010011001101111111110111000010011100010000000000000011111011100000000000000010000010111000
00000000000001111101011100111111111111101001100100000000000000000000000000101011111111110001000101110001111111110111000000000101010000000000000010110101110000000000000001111011010111
00000000000010011011101011111111111111010111011100010000000000000000000000101011111111110000110101010010111111110110111101010100100000000000000001011100110000000000000001110011101011
00000000000010001110100011111111111111101011101011110000000000000000000000101011111111110000100100000000111111110110111010101011110000000000000000001110000100000000000001101100010100
00000000000001100100011110000000000000000101000101000000000000000000000000101011111111110000010010010000111111110110111000000101011111111111111111001101100000000000000001100100000000
00000000000001101000011110000000000000011100111000010000000000000000000000101011111111110000000000111110111111110110110101010100101111111111111110011100110100000000000001011011010111
00000000000001001001100110000000000000011110011100000000000000000000000000101011111111101111110010000110111111110110110011000000001111111111111101111001000000000000000001010011110101
00000000000001000000101000000000000000100000110011000000000000000000000000101011111111101111100100101001111111110110110000100100001111111111111101011100110100000000000001001011100001
00000000000001000000110011000000000000001100000111100000000000000000000000101011111111101111011001001000111111110110101110010010001111111111111100111110110000000000000001000100011110
00000000000001001111101011111111111111111001101110010000000000000000000000101011111111101111001101011101111111110110101011111101101111111111111100010111000100000000000000111101100110
00000000000001011000011110111111111111100101111011000000000000000000000000101011111111101111000001011101111111110110101001110000111111111111111011100101001000000000000000111000001010
00000000000000100101111010111111111111110001011100010000000000000000000000101011111111101110110011100010111111110110100111110011011111111111111010110011111000000000000000110001111010
00000000000000101100001010111111111111011110000101010000000000000000000000101011111111101110100101011101111111110110100101001010011111111111111001111001101000000000000000101001011100
00000000000000011100101000111111111111100110001111100000000000000000000000101011111111101110011000001011111111110110100010010100101111111111111001000111101100000000000000100000000000
00000000000000111101010001111111111110111110001101000000000000000000000000101011111111101110001110011010111111110110011111011001111111111111111000010000101100000000000000010111101011
00000000000000011000110011111111111111100100000000000000000000000000000000101011111111101110000011101100111111110110011100111101101111111111110111101010111100000000000000010000010100
11111111111111111000010101111111111111100100100100000000000000000000000000101011111111101101111001001000111111110110011010110011011111111111110111000111101100000000000000001001000111
11111111111111110100110100111111111111100011011001110000000000000000000000101011111111101101101110111001111111110110011000111000101111111111110110100110011100000000000000000011000010
11111111111111110111110110111111111110111100000101010000000000000000000000101011111111101101100110100100111111110110010110110000111111111111110101111001000011111111111111111100101001
11111111111111011111001101111111111111000001111101100000000000000000000000101011111111101101011011101100111111110110010100010111011111111111110101000110011111111111111111110100011111
11111111111111010010000110111111111110111110111000100000000000000000000000101011111111101101010001001000111111110110010010000000001111111111110100010100100011111111111111101100011111
11111111111111000011100010111111111111001101001111100000000000000000000000101011111111101101000101010010111111110110001111101001001111111111110011100111000111111111111111100100000000
11111111111111001001111011111111111111011110000000000000000000000000000000101011111111101100110101111011111111110110001100101001001111111111110010110110011111111111111111011001110001
11111111111111110000011111111111111111011001101011110000000000000000000000101011111111101100100111100010111111110110001010001111101111111111110010001001000011111111111111010011001101
11111111111111101011101100111111111111001100110011010000000000000000000000101011111111101100011111000011111111110110001000000101011111111111110001101100110111111111111111001101110001
11111111111110110111100010111111111111010010000101010000000000000000000000101011111111101100011001011101111111110110000110011110111111111111110001100000000011111111111111001000111110
11111111111110011000010101111111111111010101011100010000000000000000000000101011111111101100010100111110111111110110000100001101001111111111110001011010010011111111111111000000110100
11111111111110101100101001111111111111001011110000110000000000000000000000101011111111101100001101001000111111110110000001110011011111111111110001000001111111111111111110111000111110
11111111111111000000011111111111111110101110111000100000000000000000000000101011111111101100000100010101111111110101111111010111011111111111110000010111101111111111111110110001111011
11111111111111000111100010111111111110011110001010010000000000000000000000101011111111101011111100010101111111110101111100101001001111111111101111100111101111111111111110101010010000
11111111111110110100011111111111111110111100001010010000000000000000000000101011111111101011110100110100111111110101111010010010001111111111101111001100001111111111111110100011101100
11111111111110101011011000111111111111001011001101000000000000000000000000101011111111101011101110011010111111110101111000011100011111111111101110111110001011111111111110011111000011
11111111111101110001110001111111111111011011001111100000000000000000000000101011111111101011101100001011111111110101110110100001101111111111101111001001000011111111111110011000001011
11111111111101010101110001111111111111100110111000100000000000000000000000101011111111101011101011000011111111110101110101000111111111111111101111011110110011111111111110010010100100
11111111111101001010111001111111111111011001000111110000000000000000000000101011111111101011101001010010111111110101110011010100101111111111101111101001101011111111111110001011001101
11111111111101110110100100111111111110101100000111110000000000000000000000101011111111101011100100110100111111110101110000110011011111111111101111010001111111111111111110000011000011
11111111111110010100101001111111111110100010010111010000000000000000000000101011111111101011011111001101111111110101101110011100011111111111101110110000101111111111111101111100011111
11111111111101010001111011111111111110111000000111110000000000000000000000101011111111101011010111110110111111110101101100000101011111111111101110010101110111111111111101110100000000
11111111111100111000011111111111111111100011010100100000000000000000000000101011111111101011001110100100111111110101101001011001111111111111101110001100001111111111111101101001110001
11111111111101001010111001111111111111100111001101000000000000000000000000101011111111101011001000000000111111110101100110101011111111111111101110001111011011111111111101100000010101
11111111111101110011011000111111111111000110111011000000000000000000000000101011111111101011000100111110111111110101100100001101001111111111101110001110110011111111111101011001011101
11111111111101100000101001111111111111011001011100010000000000000000000000101011111111101011000100111110111111110101100010000000001111111111101110100100100011111111111101010011001101
11111111111101011001001000111111111110101110100110100000000000000000000000101011111111101011001010000110111111110101100000011100011111111111101110110101110111111111111101001111100010
11111111111101000010111001111111111111001011011001110000000000000000000000101011111111101011001110100100111111110101011110111011001111111111101111010011111011111111111101001011011000
11111111111101001011101100111111111110111011010100100000000000000000000000101011111111101011010010011010111111110101011101011001111111111111101111100110011111111111111101000111100010
11111111111101010010101111111111111110101000001101000000000000000000000000101011111111101011010100001011111111110101011011000101011111111111101111100101001011111111111101000001010010
11111111111101001000000000111111111110100001011100010000000000000000000000101011111111101011010010000110111111110101011001001010011111111111101111010000101111111111111100111100001011
11111111111101011001100111111111111110110001011100010000000000000000000000101011111111101011001100101001111111110101010110110110001111111111101110111001000011111111111100110110100100
11111111111101000010100100111111111110010111011100010000000000000000000000101011111111101011001100000000111111110101010100011100011111111111101110100110011111111111111100101111110110
11111111111101000111011000111111111111001101001010010000000000000000000000101011111111101011001100010101111111110101010001111000101111111111101110110101110111111111111100101000111110
11111111111100010101110001111111111111000111110011010000000000000000000000101011111111101011010000011111111111110101001111110110001111111111101111010000000011111111111100100010100100
11111111111101100011011000111111111111000111101001000000000000000000000000101011111111101011011000001011111111110101001110011110111111111111101111110111000111111111111100100001110001
11111111111110001001001000111111111110001101011110110000000000000000000000101011111111101011100100101001111111110101001110000111111111111111110000001111011011111111111100100110000110
11111111111101001100000000111111111110001111101001000000000000000000000000101011111111101011110000110100111111110101001101111000101111111111110000100101001011111111111100101000101001
11111111111101000011011000111111111110011010100100000000000000000000000000101011111111101011110111100010111111110101001101001101001111111111110000101100001111111111111100101001011101
11111111111101000011000011111111111110011011111000100000000000000000000000101011111111101011110111110110111111110101001011110000111111111111110000011010010011111111111100100111000011
11111111111101001111000011111111111110001110000101010000000000000000000000101011111111101011110101111011111111110101001010010111011111111111101111111000011011111111111100100101011101
11111111111101000101011101111111111110001111111011000000000000000000000000101011111111101011110010101111111111110101001000111101101111111111101111010011111011111111111100100011011000
11111111111110000111001101111111111110010101101110010000000000000000000000101011111111101011110000000000111111110101000111111011001111111111101110110100100011111111111100100101010010
11111111111100010101011101111111111110101000000111110000000000000000000000101011111111101011110001010010111111110101000111101001001111111111101110110000000011111111111100100101111011
11111111111100010011110110111111111110111001000101010000000000000000000000101011111111101011110011000011111111110101000111000010111111111111101110110111000111111111111100100101011101
11111111111100100000111110111111111110110101111011000000000000000000000000101011111111101011110111110110111111110101000110101110011111111111101111001000011011111111111100100110011010
11111111111100101100000000111111111110101011000111110000000000000000000000101011111111101011111100111110111111110101000110100001101111111111101111010011010011111111111100101000001011
11111111111101000010100100111111111110100101100001100000000000000000000000101011111111101100000000101001111111110101000110000101011111111111101111010101001011111111111100101001110001
11111111111100101110011010111111111110101001001111100000000000000000000000101011111111101100000010101111111111110101000101110110001111111111101111010010100111111111111100101011011000
11111111111100110100000000111111111110110001000000000000000000000000000000101011111111101100000010101111111111110101000101010111011111111111101111001100110111111111111100101100010101
11111111111100100100110100111111111110110100101011110000000000000000000000101011111111101100000001110001111111110101000101000101011111111111101111000101001011111111111100101101010010
11111111111100100110011010111111111110111101001111100000000000000000000000101011111111101011111110111001111111110101000100010100101111111111101110111011100111111111111100101100011111
11111111111100011000000000111111111110111010100110100000000000000000000000101011111111101011111101001000111111110101000011110011011111111111101110110100100011111111111100101100001011
11111111111100100001100111111111111110111100001010010000000000000000000000101011111111101011111011100010111111110101000011000101011111111111101110110000000011111111111100101011011000
11111111111100101001100111111111111110101110100100000000000000000000000000101011111111101011111011101100111111110101000010101001001111111111101110101010010011111111111100101100000000
11111111111100101010111001111111111110110101011110110000000000000000000000101011111111101011111011101100111111110101000010011001111111111111101110100111101111111111111100101101010010
11111111111100011001011101111111111110111101111011000000000000000000000000101011111111101011111001111011111111110101000001101011111111111111101110100011010011111111111100101100010101
11111111111100101010011010111111111110111000110110000000000000000000000000101011111111101011110111001101111111110101000001000101011111111111101110011001000011111111111100101100010101
11111111111100100100110100111111111110111100110000110000000000000000000000101011111111101011110100000000111111110101000000010111011111111111101110001110110011111111111100101011100010
11111111111100100101110001111111111110111011110110000000000000000000000000101011111111101011110000111110111111110100111111110011011111111111101110000101110111111111111100101011100010
11111111111100011010101111111111111110111110001111100000000000000000000000101011111111101011110000001011111111110100111111101110011111111111101110000110011111111111111100101100111110
11111111111100100001011101111111111111000011000000000000000000000000000000101011111111101011101111011000111111110100111111011001111111111111101110001010010011111111111100101101100111
11111111111101001111110110111111111110111000010100100000000000000000000000101011111111101011101110111001111111110100111110111101101111111111101110001001000011111111111100101111100010
11111111111100011010111001111111111110111100111000100000000000000000000000101011111111101011101111000011111111110100111110111000101111111111101110001100110111111111111100110000110100
11111111111100101101010010111111111110111101001111100000000000000000000000101011111111101011101110111001111111110100111110110000111111111111101110001111011011111111111100110010100100
11111111111100111011100010111111111110110010001111100000000000000000000000101011111111101011101101110001111111110100111110100110101111111111101110001001000011111111111100110100101001
11111111111100010100110100111111111110110110000000000000000000000000000000101011111111101011101100001011111111110100111110011001111111111111101110000001111111111111111100110100111110
11111111111100001010000110111111111111001011000010110000000000000000000000101011111111101011101010010000111111110100111101111101101111111111101110000110011111111111111100110100001011
11111111111100101100001011111111111110110110010111010000000000000000000000101011111111101011101010010000111111110100111101110110001111111111101110000101110111111111111100110101110001
11111111111100011100110100111111111110110100111101100000000000000000000000101011111111101011101010010000111111110100111101010111011111111111101110000100100011111111111100110101010010
11111111111100101011000011111111111110101110100001100000000000000000000000101011111111101011101011100010111111110100111101010010001111111111101110000101001011111111111100110110111001
11111111111100101000000000111111111110101000001010010000000000000000000000101011111111101011101100010101111111110100111101000101011111111111101101111111011011111111111100111000000000
11111111111100100111001101111111111110110111001101000000000000000000000000101011111111101011101100011111111111110100111101000010111111111111101110000000101111111111111100111001010010
11111111111100100111000011111111111110111010110110000000000000000000000000101011111111101011101011110110111111110100111100101110011111111111101110000000101111111111111100111001110001
11111111111100101111011000111111111110110110001010010000000000000000000000101011111111101011101010101111111111110100111100010111011111111111101101111011100111111111111100111010010000
11111111111100011100011111111111111111000010111011000000000000000000000000101011111111101011101010011010111111110100111100000111111111111111101110000001010111111111111100111010100100
11111111111100100100000000111111111110111100101110010000000000000000000000101011111111101011101010111001111111110100111100000000001111111111101110000111000111111111111100111011100010
11111111111100110101001000111111111110101011111000100000000000000000000000101011111111101011101100011111111111110100111100000000001111111111101110000110011111111111111100111101100111
11111111111011111000010101111111111110111110111101100000000000000000000000101011111111101011101101111011111111110100111011111011001111111111101110010000101111111111111100111100111110
11111111111100111011001101111111111110100100001010010000000000000000000000101011111111101011110000000000111111110100111100010010001111111111101110001110001011111111111101000000011111
11111111111100110110100100111111111110111001000010110000000000000000000000101011111111101011101111011000111111110100111011111101101111111111101110001100001111111111111101000001001000
11111111111100100100001011111111111111010001010111010000000000000000000000101011111111101011101111011000111111110100111011101011111111111111101110011010111111111111111101000001010010
11111111111100010100000000111111111111011111100001100000000000000000000000101011111111101011110010011010111111110100111011100001101111111111101110111100110111111111111101000001001000
11111111111100100011101100111111111111001001001101000000000000000000000000101011111111101011111000110100111111110100111011010010001111111111101111011110110011111111111101000001010010
11111111111101001100010101111111111110101110110000110000000000000000000000101011111111101100000010010000111111110100111011010100101111111111101111111010111111111111111101000100000000
11111111111101010111001101111111111110100101100001100000000000000000000000101011111111101100001100000000111111110100111011110110001111111111110000010011010011111111111101001000110100
11111111111100111100001011111111111110111111000111110000000000000000000000101011111111101100010101111011111111110100111100100001101111111111110000111001000011111111111101001101001000
11111111111101000101010010111111111110111000110011010000000000000000000000101011111111101100011101110001111111110100111100111011001111111111110001010001010111111111111101010000011111
11111111111101000110100100111111111110111010011110110000000000000000000000101011111111101100100001110001111111110100111100011110111111111111110001011011100111111111111101010000101001
11111111111101000111000011111111111110111101011001110000000000000000000000101011111111101100100101100111111111110100111100100001101111111111110001100110011111111111111101010010100100
11111111111100110100001011111111111111000001110011010000000000000000000000101011111111101100101000010101111111110100111100010100101111111111110001101110110011111111111101010010111001
11111111111110000100000000111111111110111110001101000000000000000000000000101011111111101100101101010010111111110100111100100100001111111111110001111101100011111111111101010111101100
11111111111101010011011000111111111111000001011110110000000000000000000000101011111111101100110011110110111111110100111100111101101111111111110010010011010011111111111101011011001101
11111111111101001010010000111111111110111110000010110000000000000000000000101011111111101100111011110110111111110100111101011001111111111111110010101100110111111111111101011110011010
11111111111101010110011010111111111110110101000000000000000000000000000000101011111111101101000001010010111111110100111101100001101111111111110010110101001011111111111101100000101001
11111111111101010100011111111111111110101111111000100000000000000000000000101011111111101101000011001101111111110100111101010010001111111111110010101101100011111111111101100001011101
11111111111100100100001011111111111110111110110110000000000000000000000000101011111111101101000001001000111111110100111100111000101111111111110010011110001011111111111101011111110110
11111111111101000111001101111111111111000010011100010000000000000000000000101011111111101100111110101111111111110100111100100100001111111111110010010000101111111111111101011111101100
11111111111101000000110100111111111111010000111101100000000000000000000000101011111111101100111100111110111111110100111100100001101111111111110010001110001011111111111101100000101001
11111111111101000111011000111111111111001111011110110000000000000000000000101011111111101100111011100010111111110100111100001101001111111111110010001100001111111111111101100000011111
11111111111101001000110100111111111111001101011110110000000000000000000000101011111111101100111011011000111111110100111100000111111111111111110010001110110011111111111101100001010010
11111111111101010000001011111111111111000101010111010000000000000000000000101011111111101100111010011010111111110100111011101011111111111111110010001000011011111111111101100001001000
11111111111101001011000011111111111111000010110000110000000000000000000000101011111111101100111000110100111111110100111011010100101111111111110001111111011011111111111101100000111110
11111111111101001110101111111111111111001011011100010000000000000000000000101011111111101100110111001101111111110100111011000111111111111111110001111010111111111111111101100001011101
11111111111101001000011111111111111111001011100100000000000000000000000000101011111111101100110101011101111111110100111010111000101111111111110001110110011111111111111101100001100111
11111111111101000100011111111111111111001111010100100000000000000000000000101011111111101100110011101100111111110100111010100100001111111111110001110011111011111111111101100001010010
11111111111101000011101100111111111111001110001111100000000000000000000000101011111111101100110010100100111111110100111010010111011111111111110001110011111011111111111101100001011101
11111111111101001100110100111111111111001000110110000000000000000000000000101011111111101100110001100111111111110100111010000000001111111111110001110001010111111111111101100001010010
11111111111101001011101100111111111111000110001010010000000000000000000000101011111111101100110000011111111111110100111001101001001111111111110001101100001111111111111101100000111110
11111111111101000111011000111111111111001100110011010000000000000000000000101011111111101100101111001101111111110100111001011001111111111111110001101010111111111111111101100001001000
