00000000000100000101011100,11111111111110110111011100
00000000000100001101011100,11111111111101101011001000
00000000000100010011110101,11111111111101000110001111
00000000000100011110000101,11111111111100101001001000
00000000000100100110100011,11111111111100011000111011
00000000000100101100010100,11111111111100010010000101
00000000000100110000010100,11111111111100010001111010
00000000000100110001100110,11111111111100010010111110
00000000000100110100010100,11111111111100011000111111
00000000000100111010001111,11111111111100100001101111
00000000000101000000111101,11111111111100101001001000
00000000000101001001010001,11111111111100100010101001
00000000000101001101011100,11111111111100100100101011
00000000000101010001000111,11111111111100100100010011
00000000000101010010100011,11111111111100111110101111
00000000000101011000001010,11111111111101011100110100
00000000000101100000001010,11111111111101011010111001
00000000000101101000111101,11111111111101100100110100
00000000000101101110101110,11111111111101111001000001
00000000000101111001011100,11111111111101100101010110
00000000000101111111010111,11111111111101011111000010
00000000000110000001111010,11111111111101011010111100
00000000000110000000001010,11111111111101100100010001
00000000000110000101110000,11111111111101110110110100
00000000000110001101100110,11111111111110000110000100
00000000000110010111000010,11111111111110010111111000
00000000000110100000110011,11111111111110001100101100
00000000000110100011000010,11111111111110001101000100
00000000000110100110101110,11111111111110000110110001
00000000000110100011010111,11111111111110011000001100
00000000000110011111010111,11111111111111001000111111
00000000000110100011100001,11111111111110101000110001
00000000000110100000011110,11111111111111001001010000
00000000000110100101111010,11111111111110111001011000
00000000000110101010000101,11111111111111001101011001
00000000000110101101111010,11111111111111011000001100
00000000000110110010011001,11111111111111011111100100
00000000000110110011101011,11111111111111011110101011
00000000000110110011110101,11111111111111100000001000
00000000000110110101110000,11111111111111011010110111
00000000000110101110101110,11111111111111111100101000
00000000000110100111110101,00000000000000001010011111
00000000000110100001100110,00000000000000000111111101
00000000000110011000010100,00000000000000011100111100
00000000000110011000111101,00000000000000100111100001
00000000000110011001110000,00000000000000110001110000
00000000000110011000110011,00000000000000100110010000
00000000000110010100001010,00000000000000011110100100
00000000000110001101011100,00000000000000100100011111
00000000000110000100011110,00000000000001000001010010
00000000000110000011010111,00000000000001000010111110
00000000000101111001011100,00000000000001010001000100
00000000000101110100011110,00000000000001001100100011
00000000000101110110100011,00000000000001000111111001
00000000000101110011000010,00000000000001000001100100
00000000000101110011010111,00000000000000111000111100
00000000000101110010100011,00000000000001001100000001
00000000000101101101010001,00000000000001000011010000
00000000000101101100101000,00000000000001010010110011
00000000000101101010011001,00000000000001101010010000
00000000000101101000011110,00000000000001011011100101
00000000000101100110100011,00000000000001101010110011
00000000000101100010111000,00000000000010001001010011
00000000000101011110100011,00000000000010000111010011
00000000000101011100000000,00000000000001110010010111
00000000000101010111101011,00000000000001101111101000
00000000000101010100010100,00000000000001101001001110
00000000000101001111100001,00000000000001110010100111
00000000000101000111110101,00000000000010000111111101
00000000000101000001100110,00000000000010011001001001
00000000000100111010001111,00000000000010010110000000
00000000000100110000010100,00000000000010010011100111
00000000000100100011010111,00000000000010000011010100
00000000000100010100010100,00000000000001111001010101
00000000000100000000011110,00000000000010001010001011
00000000000011100111100001,00000000000010011110000001
00000000000011010101100110,00000000000010111000111010
00000000000011000100010100,00000000000010110110000001
00000000000010110111000010,00000000000010101111000111
00000000000010101011000010,00000000000010100001101101
00000000000010100000111101,00000000000010001011111100
00000000000010011000010100,00000000000001111001001111
00000000000010001101011100,00000000000001111101011111
00000000000010000000111101,00000000000010100011100001
00000000000001110100111101,00000000000011010001100011
00000000000001101100110011,00000000000011011011110110
00000000000001100101010001,00000000000011010100010011
00000000000001011101010001,00000000000010101101110110
00000000000001010101010001,00000000000001111001100001
00000000000001001011101011,00000000000001001110000111
00000000000000111110111000,00000000000001000000100001
00000000000000101101011100,00000000000001010011010101
00000000000000010111001100,00000000000001101010100111
00000000000000000011100001,00000000000001110011001110
11111111111111110011011000,00000000000001100111011011
11111111111111100111001101,00000000000001100001110111
11111111111111011110010000,00000000000001010010000100
11111111111111010111001101,00000000000001000100111011
11111111111111001111101100,00000000000000111101000011
11111111111111000101110001,00000000000000111110001101
11111111111110111001010010,00000000000001000010010111
11111111111110101100111110,00000000000000110000100001
11111111111110011110011010,00000000000000101000001111
11111111111110010001111011,00000000000000011100111111
11111111111110000100001011,00000000000000100011010000
11111111111101111010101111,00000000000000011000010110
11111111111101110001111011,00000000000000000100101111
11111111111101101001100111,11111111111111110111100001
11111111111101011110010000,11111111111111110000110000
11111111111101010001100111,11111111111111100010110001
11111111111101000101001000,11111111111111010101000101
11111111111100111001110001,11111111111111000110111101
11111111111100101101100111,11111111111111000000111110
11111111111100100010010000,11111111111111001100101111
11111111111100011011001101,11111111111111010001110100
11111111111100011000000000,11111111111110111111111100
11111111111100010110100100,11111111111110101000101101
11111111111100010000011111,11111111111110100010110111
11111111111100000101111011,11111111111110100111010000
11111111111011111001111011,11111111111110101100101010
11111111111011110011000011,11111111111110101000001111
11111111111011101111100010,11111111111110100001111001
11111111111011110010010000,11111111111110000111000001
11111111111011110111101100,11111111111101101011101011
11111111111011111010011010,11111111111101010110111011
11111111111011110100011111,11111111111101011011111100
11111111111011101100001011,11111111111101101010111101
11111111111011100101011101,11111111111101011001001101
11111111111011100011000011,11111111111101000100010100
11111111111011100011110110,11111111111100111111001000
11111111111011100011101100,11111111111101001100001101
11111111111011101001001000,11111111111101001100100011
11111111111011101101011101,11111111111101001001110001
11111111111011110100111110,11111111111100111111001111
11111111111011111001100111,11111111111100111100011110
11111111111011111001010010,11111111111100111101101001
11111111111011110100001011,11111111111100111010000001
11111111111011101110010000,11111111111100111110111000
11111111111011101001100111,11111111111100111000100100
11111111111011101101011101,11111111111100110110101101
11111111111011110100000000,11111111111100100001101111
11111111111011111101110001,11111111111100110100010010
11111111111100000011110110,11111111111101001110100110
11111111111100001001010010,11111111111101000101111110
11111111111100001011000011,11111111111100111101011001
11111111111100000110100100,11111111111100111000000111
11111111111011111110000110,11111111111100111001101111
11111111111011110100111110,11111111111100110110110111
11111111111011101101001000,11111111111101001111011100
11111111111011101100000000,11111111111100110000101001
11111111111011101101110001,11111111111100011101100011
11111111111011110010000110,11111111111100010111011000
11111111111011110100110100,11111111111100011000001000
11111111111011110101010010,11111111111100100001101000
11111111111011110100101001,11111111111100011111010001
11111111111011110011001101,11111111111100100000000110
11111111111011110001010010,11111111111100011010100000
11111111111011101110111001,11111111111100010111110001
11111111111011101101001000,11111111111100010000010110
11111111111011101100000000,11111111111100001111101111
11111111111011101010100100,11111111111100010010100101
11111111111011101001111011,11111111111100010100110011
11111111111011101000110100,11111111111100001111001000
11111111111011100110010000,11111111111100010010100000
11111111111011100011101100,11111111111100010010010001
11111111111011100001011101,11111111111100010010100000
11111111111011100001100111,11111111111100001110001101
11111111111011100010100100,11111111111100001110010101
11111111111011100010010000,11111111111100100000111110
11111111111011100011001101,11111111111100010110111100
11111111111011100011110110,11111111111100011000010010
11111111111011100010010000,11111111111100011110110011
11111111111011100000011111,11111111111100010011001100
11111111111011100001100111,11111111111100000111111011
11111111111011100001011101,11111111111100001110110100
11111111111011100001001000,11111111111100001100110011
11111111111011100001010010,11111111111100010001010011
11111111111011011111110110,11111111111100010010110010
11111111111011100000001011,11111111111100010011010110
11111111111011100000001011,11111111111100010011100111
11111111111011011110111001,11111111111100010111000111
11111111111011100000010101,11111111111100010001101001
11111111111011100001110001,11111111111100010001011000
11111111111011100001100111,11111111111100011000000101
11111111111011100100001011,11111111111100000011110001
11111111111011100011100010,11111111111100010010011000
11111111111011100011000011,11111111111100011001010010
11111111111011100110101111,11111111111100010110000011
11111111111011101111001101,11111111111100001101101010
11111111111011110111101100,11111111111100001110111100
11111111111011111110101111,11111111111100100000000010
11111111111100000100110100,11111111111100101110101101
11111111111100001110010000,11111111111100101100101111
11111111111100010100010101,11111111111100101111010000
11111111111100010110111001,11111111111100110001010010
11111111111100011001100111,11111111111100110010101110
11111111111100011011101100,11111111111100101100000011
11111111111100011111011000,11111111111101001000000010
11111111111100100100110100,11111111111101000101011000
11111111111100101011001101,11111111111101000000001011
11111111111100101101010010,11111111111101000001111110
11111111111100101011011000,11111111111101000010010010
11111111111100100111100010,11111111111100101111000111
11111111111100100100001011,11111111111100110001101000
11111111111100100011100010,11111111111100110000100100
11111111111100100011000011,11111111111100110010100011
11111111111100100011101100,11111111111100110100010100
11111111111100100010000110,11111111111100111000010100
11111111111100011111110110,11111111111100111000101010
11111111111100011110101111,11111111111100111010010101
11111111111100011101100111,11111111111100111000110100
11111111111100011100111110,11111111111100110110010011
11111111111100011100111110,11111111111100110100011110
11111111111100011100010101,11111111111100110111000001
11111111111100011011000011,11111111111100111000000101
11111111111100011010101111,11111111111100110110111111
